# Nucleolus coupling matrices
# Four 16x16 matrices: d1, dsq2, d2, dsq5
# Row i, column j: interaction energy between particle types i and j
# Backbone bonds are implicit (not specified here)
# Positive = attractive, negative = repulsive
# Diagonal entries are ignored (hard-core exclusion)

[d1]
  0.00   -8.00   -8.00   -8.00    0.00    0.00    0.00    0.00    0.00    0.00    0.00    0.00    8.00    0.00    0.00    0.00
 -8.00    0.00   -8.00   -8.00    8.00    0.00    0.00    0.00    0.00    0.00    0.00    0.00    0.00    0.00    0.00    0.00
 -8.00   -8.00    0.00   -8.00    0.00    0.00    0.00    0.00    8.00    0.00    0.00    0.00    8.00    0.00    0.00    0.00
 -8.00   -8.00   -8.00    0.00    8.00    0.00    8.00    0.00    0.00    8.00    0.00    0.00    0.00    0.00    0.00    0.00
  0.00    8.00    0.00    8.00    0.00   -8.00   -8.00   -8.00    0.00    0.00    0.00    0.00    0.00    0.00    0.00    0.00
  0.00    0.00    0.00    0.00   -8.00    0.00   -8.00   -8.00    0.00    0.00    0.00    0.00    0.00    0.00    0.00    0.00
  0.00    0.00    0.00    8.00   -8.00   -8.00    0.00   -8.00    0.00    0.00    0.00    0.00    0.00    0.00    0.00    0.00
  0.00    0.00    0.00    0.00   -8.00   -8.00   -8.00    0.00    0.00    8.00    0.00    8.00    0.00    0.00    0.00    0.00
  0.00    0.00    8.00    0.00    0.00    0.00    0.00    0.00    0.00   -8.00   -8.00   -8.00    0.00    8.00    0.00    8.00
  0.00    0.00    0.00    8.00    0.00    0.00    0.00    8.00   -8.00    0.00   -8.00   -8.00    0.00    0.00    0.00    0.00
  0.00    0.00    0.00    0.00    0.00    0.00    0.00    0.00   -8.00   -8.00    0.00   -8.00    0.00    0.00    0.00    8.00
  0.00    0.00    0.00    0.00    0.00    0.00    0.00    8.00   -8.00   -8.00   -8.00    0.00    0.00    0.00    0.00    0.00
  8.00    0.00    8.00    0.00    0.00    0.00    0.00    0.00    0.00    0.00    0.00    0.00    0.00   -8.00   -8.00   -8.00
  0.00    0.00    0.00    0.00    0.00    0.00    0.00    0.00    8.00    0.00    0.00    0.00   -8.00    0.00   -8.00   -8.00
  0.00    0.00    0.00    0.00    0.00    0.00    0.00    0.00    0.00    0.00    0.00    0.00   -8.00   -8.00    0.00   -8.00
  0.00    0.00    0.00    0.00    0.00    0.00    0.00    0.00    8.00    0.00    8.00    0.00   -8.00   -8.00   -8.00    0.00

[dsq2]
  0.00   -8.00   -8.00   -8.00    0.00    0.00    0.00    0.00    0.00    0.00    0.00    0.00    0.00    0.00    0.00    0.00
 -8.00    0.00   -8.00   -8.00    0.00    0.00    0.00    0.00    0.00    0.00    0.00    0.00    4.00    0.00    0.00    0.00
 -8.00   -8.00    0.00   -8.00    4.00    0.00    0.00    0.00    0.00    4.00    0.00    0.00    0.00    4.00    0.00    0.00
 -8.00   -8.00   -8.00    0.00    0.00    4.00    0.00    4.00    4.00    0.00    0.00    0.00    0.00    0.00    0.00    0.00
  0.00    0.00    4.00    0.00    0.00   -8.00   -8.00   -8.00    0.00    0.00    0.00    0.00    0.00    0.00    0.00    0.00
  0.00    0.00    0.00    4.00   -8.00    0.00   -8.00   -8.00    0.00    0.00    0.00    0.00    0.00    0.00    0.00    0.00
  0.00    0.00    0.00    0.00   -8.00   -8.00    0.00   -8.00    0.00    4.00    0.00    0.00    0.00    0.00    0.00    0.00
  0.00    0.00    0.00    4.00   -8.00   -8.00   -8.00    0.00    0.00    0.00    4.00    0.00    0.00    0.00    0.00    0.00
  0.00    0.00    0.00    4.00    0.00    0.00    0.00    0.00    0.00   -8.00   -8.00   -8.00    4.00    0.00    4.00    0.00
  0.00    0.00    4.00    0.00    0.00    0.00    4.00    0.00   -8.00    0.00   -8.00   -8.00    0.00    0.00    0.00    4.00
  0.00    0.00    0.00    0.00    0.00    0.00    0.00    4.00   -8.00   -8.00    0.00   -8.00    0.00    0.00    0.00    0.00
  0.00    0.00    0.00    0.00    0.00    0.00    0.00    0.00   -8.00   -8.00   -8.00    0.00    0.00    0.00    0.00    0.00
  0.00    4.00    0.00    0.00    0.00    0.00    0.00    0.00    4.00    0.00    0.00    0.00    0.00   -8.00   -8.00   -8.00
  0.00    0.00    4.00    0.00    0.00    0.00    0.00    0.00    0.00    0.00    0.00    0.00   -8.00    0.00   -8.00   -8.00
  0.00    0.00    0.00    0.00    0.00    0.00    0.00    0.00    4.00    0.00    0.00    0.00   -8.00   -8.00    0.00   -8.00
  0.00    0.00    0.00    0.00    0.00    0.00    0.00    0.00    0.00    4.00    0.00    0.00   -8.00   -8.00   -8.00    0.00

[d2]
  0.00   -4.00   -4.00   -4.00    0.00    0.00    0.00    0.00    0.00    0.00    0.00    0.00    0.00    0.00    0.00    0.00
 -4.00    0.00   -4.00   -4.00    0.00    0.00    0.00    0.00    0.00    0.00    0.00    0.00    0.00    0.00    0.00    0.00
 -4.00   -4.00    0.00   -4.00    0.00    0.00    0.00    0.00    0.00    0.00    0.00    0.00    0.00    0.00    0.00    0.00
 -4.00   -4.00   -4.00    0.00    0.00    0.00    0.00    0.00    0.00    0.00    0.00    0.00    0.00    0.00    0.00    0.00
  0.00    0.00    0.00    0.00    0.00   -4.00   -4.00   -4.00    0.00    0.00    0.00    0.00    0.00    0.00    0.00    0.00
  0.00    0.00    0.00    0.00   -4.00    0.00   -4.00   -4.00    0.00    0.00    0.00    0.00    0.00    0.00    0.00    0.00
  0.00    0.00    0.00    0.00   -4.00   -4.00    0.00   -4.00    0.00    0.00    0.00    0.00    0.00    0.00    0.00    0.00
  0.00    0.00    0.00    0.00   -4.00   -4.00   -4.00    0.00    0.00    0.00    0.00    0.00    0.00    0.00    0.00    0.00
  0.00    0.00    0.00    0.00    0.00    0.00    0.00    0.00    0.00   -4.00   -4.00   -4.00    0.00    0.00    0.00    0.00
  0.00    0.00    0.00    0.00    0.00    0.00    0.00    0.00   -4.00    0.00   -4.00   -4.00    0.00    0.00    0.00    0.00
  0.00    0.00    0.00    0.00    0.00    0.00    0.00    0.00   -4.00   -4.00    0.00   -4.00    0.00    0.00    0.00    0.00
  0.00    0.00    0.00    0.00    0.00    0.00    0.00    0.00   -4.00   -4.00   -4.00    0.00    0.00    0.00    0.00    0.00
  0.00    0.00    0.00    0.00    0.00    0.00    0.00    0.00    0.00    0.00    0.00    0.00    0.00   -4.00   -4.00   -4.00
  0.00    0.00    0.00    0.00    0.00    0.00    0.00    0.00    0.00    0.00    0.00    0.00   -4.00    0.00   -4.00   -4.00
  0.00    0.00    0.00    0.00    0.00    0.00    0.00    0.00    0.00    0.00    0.00    0.00   -4.00   -4.00    0.00   -4.00
  0.00    0.00    0.00    0.00    0.00    0.00    0.00    0.00    0.00    0.00    0.00    0.00   -4.00   -4.00   -4.00    0.00

[dsq5]
  0.00    0.00    0.00    0.00    0.00    0.00    0.00    0.00    0.00    0.00    0.00    0.00    0.00    0.00    0.00    0.00
  0.00    0.00    0.00    0.00    0.00    0.00    0.00    0.00    0.00    0.00    0.00    0.00    0.00    0.00    0.00    0.00
  0.00    0.00    0.00    0.00    0.00    0.00    0.00    0.00    0.00    0.00    0.00    0.00    0.00    0.00    0.00    0.00
  0.00    0.00    0.00    0.00    0.00    0.00    0.00    0.00    0.00    0.00    0.00    0.00    0.00    0.00    0.00    0.00
  0.00    0.00    0.00    0.00    0.00    0.00    0.00    0.00    0.00    0.00    0.00    0.00    0.00    0.00    0.00    0.00
  0.00    0.00    0.00    0.00    0.00    0.00    0.00    0.00    0.00    0.00    0.00    0.00    0.00    0.00    0.00    0.00
  0.00    0.00    0.00    0.00    0.00    0.00    0.00    0.00    0.00    0.00    0.00    0.00    0.00    0.00    0.00    0.00
  0.00    0.00    0.00    0.00    0.00    0.00    0.00    0.00    0.00    0.00    0.00    0.00    0.00    0.00    0.00    0.00
  0.00    0.00    0.00    0.00    0.00    0.00    0.00    0.00    0.00    0.00    0.00    0.00    0.00    0.00    0.00    0.00
  0.00    0.00    0.00    0.00    0.00    0.00    0.00    0.00    0.00    0.00    0.00    0.00    0.00    0.00    0.00    0.00
  0.00    0.00    0.00    0.00    0.00    0.00    0.00    0.00    0.00    0.00    0.00    0.00    0.00    0.00    0.00    0.00
  0.00    0.00    0.00    0.00    0.00    0.00    0.00    0.00    0.00    0.00    0.00    0.00    0.00    0.00    0.00    0.00
  0.00    0.00    0.00    0.00    0.00    0.00    0.00    0.00    0.00    0.00    0.00    0.00    0.00    0.00    0.00    0.00
  0.00    0.00    0.00    0.00    0.00    0.00    0.00    0.00    0.00    0.00    0.00    0.00    0.00    0.00    0.00    0.00
  0.00    0.00    0.00    0.00    0.00    0.00    0.00    0.00    0.00    0.00    0.00    0.00    0.00    0.00    0.00    0.00
  0.00    0.00    0.00    0.00    0.00    0.00    0.00    0.00    0.00    0.00    0.00    0.00    0.00    0.00    0.00    0.00

